X	Y_A1	Y_A2	Y_A3	Y_A4	Y_A5	Y_A6	Y_A7	Y_A8	Y_A9	Y_B1	Y_B10	Y_B11	Y_B2	Y_B3	Y_B4	Y_B5	Y_B6	Y_B7	Y_B8	Y_B9	Y_C1	Y_C2	Y_C3	Y_C4
0	60.26	55.62	60.97	59.54	58.51	52.8	56.96	59.39	55.38	59.48	53.19	57.36	58.51	58.65	59.5	52	57	56.8	57.97	58.47	61.08	60.03	59.64	56.5
0.002	59.62	55.13	60.41	59.63	57.71	52.33	56.27	58.41	54.56	59.3	52.57	56.76	58.69	58.22	59.14	51.62	55.82	56.04	58.41	57.68	60.53	59.29	59.55	55.83
0.004	59.53	54.72	59.77	59.26	57.19	51.86	55.94	58.15	53.92	58.86	52.26	56.25	58.25	57.7	58.78	51.24	55.57	55.71	57.71	57.43	59.98	58.75	58.57	55.58
0.006	59.08	54.08	58.96	58.72	57.01	51.63	55.35	57.63	53.61	58.07	51.88	54.93	57.81	57.36	58.61	50.86	55.24	55.3	57.28	57.08	59.35	58.12	57.79	55.08
0.008	58.64	53.6	59.23	58.36	55.98	51.1	54.93	57.28	53.06	57.29	51.35	54.85	57.81	56.76	57.74	50.63	54.75	54.72	57.03	56.15	59.26	58.03	57.53	54.84
0.01	57.85	53.84	58.96	57.91	55.65	50.5	54.36	56.43	52.59	57.38	51.05	54.12	57.47	56.43	58.08	50.04	54.35	53.92	56.43	55.4	58.81	57.59	56.76	54.43
0.012	57.34	53.44	58.25	57.82	55.73	50.28	53.87	56.18	52.75	56.37	50.83	53.65	56.96	56.09	57.57	49.75	54.03	53.52	56.35	54.91	58.2	57.24	56.51	53.79
0.014	56.74	52.82	58.51	57.2	54.98	49.98	53.31	55.85	52.13	55.87	50.46	53.72	56.79	55.6	57.14	49.23	53.39	53.37	55.6	54.67	57.59	56.29	56.01	53.16
0.016	56.49	52.97	57.81	56.34	54.65	49.32	52.83	55.6	51.9	55.29	49.8	52.86	56.53	54.95	56.71	49.16	53	52.98	55.35	54.75	57.25	55.78	55.59	52.77
0.018	55.82	52.89	57.12	55.91	54.4	48.89	52.76	55.27	51.07	55.54	49.66	52.17	56.2	54.55	56.05	48.73	52.69	52.36	55.03	54.43	56.83	55.53	55.51	52.54
0.02	55.58	52.2	56.95	55.57	53.75	48.6	51.98	54.46	51	54.81	49.37	51.71	55.7	54.39	55.71	48.73	52.61	52.36	54.38	54.11	56.24	55.11	55.27	52.16
0.022	55.33	51.97	56.27	55.24	53.75	48.46	51.74	54.14	50.26	54.41	49.23	51.78	55.29	54.39	55.3	48.44	52.08	51.82	54.3	53.47	56.24	54.45	55.02	51.78
0.024	54.92	51.82	55.77	54.82	53.27	47.89	51.36	53.58	50.19	54.17	48.59	51.56	55.21	53.68	55.22	47.88	51.02	51.45	53.43	53.16	55.25	53.97	54.7	51.32
0.026	54.76	51.22	55.44	54.91	53.03	47.54	50.76	53.27	49.97	53.77	48.59	51.33	54.64	53.36	54.66	48.09	51.39	51	53.74	52.92	54.85	53.64	54.22	50.58
0.028	54.36	51.14	54.95	54.33	52.48	46.85	50.61	53.42	50.12	53.46	48.73	51.03	54.32	52.98	54.5	47.81	51.1	50.85	53.19	52.61	54.85	53.01	53.58	50.58
0.03	53.88	50.99	54.71	53.44	52.17	46.85	50.53	52.72	49.39	52.99	48.59	50.66	54.48	52.9	54.1	47.74	50.87	50.55	53.35	51.7	54.6	52.77	53.35	50.58
0.032	53.65	50.7	54.38	53.52	52.09	46.31	50.31	52.33	49.25	52.53	48.31	50.37	54.24	52.67	53.86	47.81	50.65	50.48	52.8	51.55	54.28	52.93	52.88	50.28
0.034	53.26	50.47	54.14	52.88	51.25	46.78	50.01	52.11	49.18	52.38	47.96	50.15	53.53	52.29	53.23	47.53	50.43	50.4	52.42	51.17	54.05	52.22	52.73	50.14
0.036	53.18	50.47	53.82	52.96	51.02	46.31	49.72	51.8	48.89	52.15	48.03	49.78	53.37	52.36	53.31	47.04	50.21	49.89	52.19	51.17	53.57	52.38	52.65	49.41
0.038	52.79	50.62	53.35	52.57	50.57	46.17	49.35	51.2	48.47	52	48.1	49.56	52.9	51.91	53.15	47.11	49.92	50.04	51.51	50.65	53.34	52.07	52.42	49.49
0.04	53.02	50.33	53.43	52.02	50.05	45.97	49.06	51.05	48.05	51.17	47.75	49.28	52.67	51.68	52.85	46.49	49.92	49.53	51.35	50.72	52.8	51.76	52.27	49.2
0.042	52.71	50.11	53.43	52.02	50.2	45.5	49.21	50.9	47.98	51.4	47.82	49.06	52.36	51.61	52.38	46.77	49.49	49.46	51.58	50.5	52.87	51.99	52.04	48.84
0.044	52.71	50.25	53.27	51.56	50.2	45.23	48.84	50.46	47.84	50.73	47.75	49.13	52.44	51.91	52.08	46.43	49.49	49.32	51.51	50.06	52.95	51.45	52.11	48.63
0.046	52.25	50.18	53.35	51.33	49.53	45.37	48.42	50.46	47.7	50.58	47.41	48.56	52.29	51.09	51.78	46.02	49.2	48.89	51.43	49.92	52.49	51.22	51.73	48.42
0.048	52.25	50.04	53.11	51.33	49.75	44.71	48.27	50.09	47.09	50.58	47.61	48.71	52.44	51.16	51.78	46.49	48.84	48.82	51.21	50.06	52.26	50.99	51.43	48
0.05	51.88	49.6	52.8	51.4	49.39	45.1	47.99	49.95	47.36	50	47.68	48.71	51.91	51.38	51.63	46.29	48.77	48.68	51.28	49.7	51.88	51.3	51.43	48.07
0.052	51.72	49.67	52.42	50.65	49.24	44.77	48.27	49.8	47.36	49.43	47.68	48.49	51.83	51.24	51.48	46.09	48.49	48.46	50.69	49.56	51.66	50.99	51.06	47.93
0.054	51.43	49.53	52.19	50.65	48.52	44.38	47.92	49.66	47.22	49.64	47.2	48.92	51.91	50.87	50.96	46.36	48.63	48.11	50.61	49.41	50.99	50.54	50.91	47.66
0.056	51.13	49.38	52.03	50.65	48.38	44.32	48.13	49.3	46.81	49.14	47.54	47.59	51.38	50.72	51.11	45.75	48.21	47.77	50.69	48.77	51.21	50.62	50.91	47.59
0.058	51.13	49.17	51.73	50.2	48.52	44.19	47.92	49.22	46.68	49.07	47.2	48.28	51.31	50.87	50.96	46.15	48	47.84	50.46	49.05	51.13	50.39	51.21	47.72
0.06	50.76	49.17	51.43	50.27	48.09	44.12	47.43	49.3	46.34	49.21	47.34	48.07	51.01	50.14	50.81	45.88	47.86	47.91	50.39	48.91	50.99	50.32	50.91	47.11
0.062	50.61	49.1	51.35	50.05	48.31	43.8	47.43	48.59	46.61	48.86	46.86	48	50.94	50.57	50.59	45.82	48.07	47.97	50.39	49.13	50.84	50.62	50.91	46.97
0.064	50.39	48.67	51.35	50.2	48.24	43.61	47.57	48.52	45.88	48.72	47.13	47.86	50.72	50.06	50.59	45.68	48	47.84	49.95	48.7	50.76	49.88	50.54	46.9
0.066	50.54	48.32	51.5	50.12	47.6	43.74	47.57	48.59	45.61	48.58	46.86	47.79	50.57	49.78	50.22	45.68	47.86	47.7	49.88	48.7	50.47	50.17	50.54	46.9
0.068	50.1	48.11	51.35	49.61	47.67	43.29	47.5	48.44	45.74	48.23	46.72	47.45	50.35	49.63	50.3	45.62	47.66	47.42	50.1	48.21	50.11	49.95	50.18	46.57
0.07	50.17	47.83	51.5	49.83	47.81	43.23	47.22	47.82	45.28	48.16	46.59	47.24	50.28	49.92	50.15	45.22	47.59	47.63	49.66	48.21	50.32	49.65	50.25	46.7
0.072	49.81	47.7	51.58	49.61	47.6	43.1	47.64	48.16	45.48	48.02	46.59	47.17	50.13	49.2	49.29	45.55	47.59	47.35	49.66	48.56	50.11	50.02	50.32	46.36
0.074	49.6	47.76	51.58	49.61	47.6	43.1	47.29	48.03	45.41	47.41	46.05	47.04	49.99	49.42	50.08	45.22	47.04	47.15	49.74	48.21	49.89	49.65	49.74	46.1
0.076	49.31	48.11	51.28	49.61	47.18	42.97	47.36	47.96	45.15	47.68	46.19	46.77	50.06	49.56	50.01	45.22	47.18	46.74	49.66	48.14	50.4	49.07	49.74	46.36
0.078	49.31	48.04	50.53	49.46	47.39	42.79	47.08	47.75	45.09	47.61	45.99	47.24	49.99	49.35	49.65	45.35	46.91	46.67	49.66	48	50.25	49.51	50.03	46.16
0.08	49.45	47.9	50.53	49.1	47.18	43.1	47.36	47.54	44.76	47.07	46.52	47.11	49.91	49.06	49.36	45.35	46.64	46.81	49.52	48	50.11	49.07	49.74	45.7
0.082	49.6	47.56	50.53	49.31	47.25	42.85	47.01	47.47	44.57	46.6	46.32	46.97	49.91	48.85	49.65	44.89	46.91	46.74	49.3	48.14	49.89	48.93	49.31	46.03
0.084	49.6	47.7	50.68	49.39	47.46	42.91	47.08	47.68	44.89	46.73	46.52	46.7	49.55	48.92	49.29	44.82	46.91	46.74	49.38	47.86	49.75	48.78	49.46	45.96
0.086	49.67	47.35	50.31	49.17	47.04	42.72	46.94	47.27	44.83	46.86	46.59	46.7	49.41	48.71	49.58	45.08	46.7	46.07	49.59	47.93	49.39	49.07	49.31	45.9
0.088	49.1	47.42	50.09	49.17	47.11	42.97	47.08	47.06	44.57	46.46	46.66	46.97	49.7	48.57	49.36	45.28	46.43	46.47	49.09	47.72	49.53	48.86	49.31	45.9
0.09	49.17	46.94	49.73	48.66	46.7	42.85	46.53	47.33	44.7	46.6	46.39	46.9	49.27	48.43	49.15	45.35	46.64	46.61	49.02	47.72	49.32	48.64	49.38	45.5
0.092	48.88	47.08	50.17	48.81	46.84	42.85	46.74	46.93	44.38	46.33	46.59	46.9	49.05	48.57	49.15	45.28	46.43	46	48.88	47.86	49.03	48.64	48.96	45.83
0.094	48.53	47.01	50.24	48.59	46.91	42.72	46.67	47.06	44.51	46.66	46.25	46.77	49.05	48.15	48.94	45.42	46.1	46.07	48.73	47.93	48.61	48.57	48.89	45.77
0.096	48.46	47.08	50.31	48.45	46.7	42.85	46.94	46.99	44.31	46.93	46.46	46.5	48.91	48.15	48.87	44.62	45.84	46.34	48.66	47.65	48.89	48.78	49.31	45.7
0.098	48.12	46.74	50.39	48.38	46.98	42.85	46.6	46.99	43.99	46.86	46.39	46.36	48.7	48.08	48.65	44.82	46.1	46.14	48.81	48.07	48.4	48.43	48.74	45.31
0.1	48.26	46.27	50.98	48.66	47.53	42.54	46.88	46.99	44.06	46.53	46.32	46.5	49.05	48.5	48.58	44.89	45.9	46.4	48.81	47.72	48.61	48.86	48.89	45.63
0.102	48.39	46.47	51.65	48.66	47.53	42.23	47.08	46.72	44.25	46	45.79	46.77	48.63	48.43	48.65	44.89	45.84	46.27	48.95	47.38	48.47	48.64	49.03	45.37
0.104	47.98	46.07	51.88	48.38	47.39	42.29	47.08	46.59	44.12	45.8	45.46	47.24	48.35	48.15	48.72	45.15	46.03	46.27	49.16	47.38	48.54	48.43	49.31	45.5
0.106	47.98	45.87	51.65	48.16	46.91	41.92	46.26	46.99	44.31	45.54	45.07	47.24	48.56	47.88	48.31	45.15	45.7	46.2	48.66	47.17	48.54	48.21	49.17	45.24
0.108	47.63	45.74	51.65	48.02	46.09	41.73	46.26	47.13	44.31	45.21	45.13	47.38	48.42	47.67	48.03	45.28	45.84	45.74	48.52	47.38	48.68	48.5	49.38	45.37
0.11	47.84	45.74	51.65	47.95	45.68	41.49	45.79	46.52	44.57	45.15	45.13	46.97	48.14	47.4	48.03	45.08	46.03	46.27	48.24	47.24	48.4	47.79	49.1	45.37
0.112	47.91	45.67	51.05	48.02	45.48	41.43	45.79	46.86	44.76	44.76	45.07	46.23	48.14	47.47	48.03	44.49	45.84	46.14	48.17	47.24	48.12	48.35	48.67	45.31
0.114	47.7	45.47	50.09	48.09	45.22	41.49	45.45	46.59	44.76	45.02	45.13	46.16	48.07	46.92	47.96	44.36	45.51	46.2	47.76	47.17	48.12	48.07	48.18	45.37
0.116	47.7	45.41	49.44	47.67	44.89	41.25	45.45	46.39	44.76	44.89	45	45.56	47.94	46.39	47.89	44.11	45.64	46.14	47.41	47.04	47.85	48.14	47.98	45.44
0.118	47.5	45.74	49.73	47.88	44.82	41.37	45.32	46.25	44.57	44.57	45	46.09	47.73	46.52	47.89	44.17	45.9	46.07	47.55	47.04	47.78	48.14	47.98	45.57
0.12	47.22	46.07	49.51	47.95	45.22	41.43	44.99	46.12	44.25	44.57	44.81	45.56	48.07	46.39	47.41	43.59	45.9	45.74	47	46.76	47.57	47.79	47.56	45.9
0.122	46.89	46.27	49.37	47.6	45.22	41.19	44.99	46.05	44.06	44.38	44.81	45.63	47.59	46.39	47.68	43.78	45.97	45.54	47.07	46.56	47.57	47.72	47.42	45.9
0.124	46.89	45.74	49.3	47.53	44.95	41.31	45.39	46.19	43.8	44.19	44.68	45.56	47.66	46.26	47.75	43.78	45.9	45.61	47.14	46.29	47.71	47.72	47.98	45.7
0.126	46.95	45.15	49.01	47.32	44.76	41.06	45.19	46.25	44.12	44.32	44.94	45.63	47.46	46.39	47.62	43.4	45.77	45.28	46.93	46.36	47.92	47.58	47.36	45.57
0.128	46.89	45.02	48.8	47.88	44.63	41.06	45.06	46.25	43.87	44.13	44.61	45.56	47.25	46.39	47.41	43.21	45.84	45.61	47	46.56	47.85	47.3	47.49	45.63
0.13	46.75	44.82	48.94	47.95	44.56	40.7	45.39	46.19	43.87	44.13	44.55	45.43	46.98	46.12	47.55	43.46	45.57	45.08	46.87	46.56	47.85	47.3	47.7	45.63
0.132	46.75	44.37	48.73	47.11	44.82	40.82	45.32	45.79	43.68	44.06	44.61	45.3	47.12	46.46	47.07	43.21	45.7	45.21	46.8	46.36	47.57	47.44	47.42	45.7
0.134	46.95	44.12	48.45	47.04	44.5	40.82	45.32	45.92	43.74	44	44.61	45.1	47.32	46.46	47.07	43.4	46.03	44.89	46.8	46.49	47.1	46.54	47.42	45.31
0.136	46.62	44.31	48.38	46.97	44.76	41	44.99	45.33	44.06	43.94	44.55	44.78	46.98	46.59	47.41	43.27	46.03	45.08	46.87	46.43	47.16	46.54	47.22	45.31
0.138	46.55	44.37	48.59	46.97	44.37	41	44.73	45	43.49	44.25	44.55	44.91	46.91	46.26	47.14	43.34	45.84	44.89	46.87	46.49	46.83	46.75	47.49	44.85
0.14	46.75	44.18	48.52	47.04	44.43	40.94	44.73	45	43.62	43.62	44.55	45.1	47.05	46.32	46.73	43.15	46.03	44.69	46.93	46.76	46.83	46.27	47.56	45.31
0.142	46.55	44.63	48.24	46.84	44.63	40.7	45.06	44.87	43.55	43.56	44.42	44.84	46.91	46.39	46.73	43.27	46.23	44.95	46.33	46.63	46.69	46.34	47.56	45.05
0.144	46.48	44.44	48.52	46.77	44.3	40.76	45.32	44.68	43.49	43.69	44.68	45.04	46.78	46.06	46.8	42.83	46.23	44.69	46.26	46.63	46.63	46.75	47.42	44.98
0.146	46.28	44.37	48.66	46.43	44.56	40.76	44.86	44.68	43.36	44	44.87	44.84	47.05	45.73	46.73	42.83	46.5	45.02	46.33	46.49	46.29	46.54	47.15	45.24
0.148	46.28	44.24	48.38	46.49	44.3	40.94	45.19	44.55	43.43	43.81	44.81	44.84	46.91	45.66	46.67	43.21	46.43	44.76	46.6	46.63	46.43	46.68	47.08	44.72
0.15	46.62	44.18	48.38	46.43	44.5	40.82	44.92	44.74	43.49	43.56	44.81	45.1	46.98	45.6	46.6	43.59	47.38	44.95	46.26	46.29	46.23	46.68	46.95	44.85
0.152	46.48	44.05	47.89	46.36	44.56	40.94	44.73	44.74	43.24	43.69	44.74	44.78	47.46	45.66	46.87	43.21	47.18	44.69	46.19	46.56	46.29	46.68	46.75	44.85
0.154	46.15	44.44	47.75	46.29	44.43	40.7	44.86	44.42	43.24	43.44	44.68	44.84	47.25	45.66	46.8	42.9	47.59	44.37	46.26	46.63	46.36	46.47	47.15	44.98
0.156	46.35	44.44	47.96	46.36	44.76	40.47	44.34	44.61	43.3	43.25	44.55	44.71	47.46	45.6	46.8	42.96	47.25	44.44	46.46	46.36	46.29	46.34	46.75	44.27
0.158	46.89	44.24	47.54	46.63	44.37	40.64	44.6	45.07	43.18	43.5	44.42	44.39	47.12	45.53	46.47	43.02	46.77	44.69	46.13	46.29	46.29	46.27	46.88	44.59
0.16	46.55	44.12	47.75	46.49	44.37	40.29	44.92	44.61	43.05	42.88	44.23	44.52	47.05	45.66	46.4	42.83	46.37	44.12	46.46	46.43	46.16	46	47.02	44.66
0.162	46.48	44.05	47.82	46.22	44.43	40.59	44.92	44.55	43.11	43.31	44.36	44.33	46.51	45.86	46.07	43.21	46.1	44.56	46.06	46.43	46.16	46.13	46.61	44.47
0.164	46.48	43.55	48.17	46.7	44.17	40.53	44.79	44.16	43.62	43.25	44.42	44.58	46.24	45.73	46.4	43.27	45.51	44.76	46.26	46.16	45.76	46	46.88	44.47
0.166	46.15	43.36	48.03	46.22	44.17	40.35	44.6	44.48	43.24	43.19	44.49	44.65	46.51	45.34	46.67	43.27	45.51	44.56	46.06	46.36	46.23	46.2	46.81	44.59
0.168	46.42	43.36	47.82	46.84	44.17	40.53	44.4	44.29	43.36	43	44.1	44.2	46.38	45.27	46.47	43.15	45.44	44.5	45.99	46.09	46.16	45.87	46.95	44.47
0.17	46.62	43.23	47.75	46.77	44.17	40.47	44.66	44.29	43.24	43.06	44.29	44.26	46.24	45.66	46.47	43.15	45.44	44.31	45.6	46.23	46.09	45.8	46.95	44.02
0.172	46.09	43.3	47.75	47.11	44.24	40.47	44.86	44.42	43.68	42.88	44.29	44.39	46.58	45.4	46.27	42.71	45.97	44.63	45.53	46.29	45.83	46.2	47.02	44.27
0.174	46.48	43.11	47.68	47.04	43.98	40.47	44.53	44.36	43.36	43.06	44.1	44.65	46.31	45.4	46.13	42.52	45.97	44.31	45.86	46.43	46.03	45.87	46.88	44.27
0.176	46.09	43.3	47.68	46.84	44.04	40.59	44.73	44.16	43.55	42.94	44.42	44.65	46.38	45.34	46.07	42.27	45.51	44.37	45.53	46.49	45.83	45.6	46.81	44.27
0.178	46.28	43.3	47.89	46.29	43.91	40.41	44.4	44.1	43.36	42.69	44.17	44.46	45.91	45.08	46.13	42.58	45.64	44.82	45.73	46.16	45.96	46	46.48	43.83
0.18	46.28	43.17	47.96	46.77	44.04	40.05	44.6	43.78	43.36	42.57	44.29	44.46	45.58	45.53	46.07	42.46	45.51	44.76	45.2	46.09	45.83	45.6	46.48	44.21
0.182	46.15	43.61	47.96	46.7	44.04	40.29	44.14	43.97	43.36	42.21	43.91	44.65	46.31	45.34	46.2	42.15	45.44	44.56	45.47	46.23	45.57	45.26	46.21	44.02
0.184	46.62	43.3	47.47	46.15	43.79	40.35	44.34	43.85	43.24	42.63	44.23	44.58	46.38	45.14	46.13	42.4	45.77	44.89	45.33	45.96	45.37	45.2	46.41	44.15
0.186	46.35	43.42	47.75	46.29	43.59	40.17	44.21	43.59	43.43	42.33	43.85	44.65	46.24	45.47	46.4	42.02	45.77	44.18	45.14	46.09	45.44	45.4	46.34	44.15
0.188	46.15	43.42	47.47	46.29	43.66	40.35	44.21	44.16	43.49	42.03	43.85	44.58	46.05	45.27	46.07	42.21	45.64	44.5	45.2	46.03	45.44	45.26	46.21	44.34
0.19	46.22	43.11	47.96	46.22	43.85	40.35	44.14	44.04	43.18	42.15	43.47	44.33	46.24	45.27	46.07	42.15	45.7	44.89	45.01	46.09	45.37	45.33	46.14	43.96
0.192	46.22	43.3	47.75	46.49	43.79	40.47	44.21	44.04	43.18	42.21	43.53	44.14	46.11	45.27	46.2	42.02	45.38	44.69	45.01	46.09	45.11	45.66	46.28	44.34
0.194	46.02	43.17	47.61	46.56	43.59	40.41	44.21	43.97	43.3	41.97	43.72	44.39	45.45	45.34	46.27	42.21	45.97	44.24	45.2	45.96	45.31	45.33	45.94	44.4
0.196	46.42	43.23	47.41	46.36	43.59	40.47	43.88	44.16	43.43	41.79	43.66	44.33	45.72	45.08	46	42.33	45.7	44.44	45.27	46.03	45.44	45.6	45.94	44.15
0.198	46.48	43.23	47.82	46.97	43.47	40.59	44.34	44.1	43.18	41.67	43.6	44.58	45.78	45.14	46.27	42.46	45.7	44.18	45.07	46.29	45.18	45.53	45.88	44.27
0.2	46.15	43.05	47.89	47.04	43.59	40.41	44.14	44.36	43.43	42.15	43.53	44.58	45.78	45.14	46.07	42.9	45.18	44.18	44.94	45.89	45.24	45.53	45.81	44.21
0.202	46.35	43.3	47.54	46.9	43.47	40.35	44.34	44.1	43.18	41.43	43.47	44.84	45.65	45.21	46.13	42.52	45.31	44.37	45.14	46.03	45.31	45.46	46.21	44.34
0.204	46.22	43.17	47.47	46.84	43.91	40.47	44.27	44.16	43.3	41.49	43.16	44.65	45.85	44.88	46	42.64	45.38	44.12	45.33	46.16	45.31	45.26	46.08	44.27
0.206	46.15	42.92	47.27	46.56	44.17	40.47	43.88	44.1	43.18	41.31	43.78	45.17	45.85	45.4	46.2	42.64	45.57	44.31	45.2	46.36	45.44	45.4	46.14	43.96
0.208	45.63	42.8	47.34	46.97	43.98	40.23	44.14	44.1	43.05	41.85	43.34	45.1	46.05	45.14	45.67	42.58	45.51	43.99	45.27	46.03	45.18	45.4	45.94	44.15
0.21	46.09	43.17	47.75	46.84	43.59	40.47	43.88	44.1	43.05	41.67	43.41	45.23	45.85	44.82	45.94	42.71	45.57	44.05	45.53	46.03	44.92	45.4	46.01	43.83
0.212	46.09	42.86	47.75	46.63	43.66	40.76	44.14	43.91	43.24	41.79	43.53	45.04	45.78	44.63	45.94	42.46	45.51	44.24	45.33	45.89	44.85	45.46	45.68	43.83
0.214	45.95	42.86	47.61	46.9	43.79	40.7	43.88	43.91	43.05	41.61	43.28	44.78	46.18	44.88	46.2	42.71	45.51	44.56	45.4	45.76	44.79	45.13	45.48	43.83
0.216	46.35	43.05	48.03	46.97	43.4	40.7	43.69	44.1	43.11	41.73	43.34	44.78	46.24	45.14	46.13	42.58	45.38	44.37	45.2	46.23	44.85	45.33	45.55	43.7
0.218	46.35	42.8	47.75	47.11	43.15	40.35	44.34	44.04	43.3	41.73	43.03	44.52	45.85	44.63	46.07	42.83	45.84	44.24	45.66	45.96	44.73	45.33	45.61	43.83
0.22	46.35	42.68	47.96	47.04	43.28	40.7	44.47	44.42	42.93	41.67	43.16	44.39	45.72	44.88	45.8	42.71	45.7	43.8	45.4	46.09	44.6	45	45.35	44.27
0.222	46.09	43.11	47.75	46.7	43.72	40.41	44.01	44.1	42.99	42.03	43.03	44.52	45.91	44.88	45.74	42.52	45.9	43.99	45.4	46.36	44.79	45	45.29	44.15
0.224	45.95	42.8	47.68	47.32	43.28	40.59	44.01	43.72	43.24	41.73	43.16	44.39	46.05	44.88	45.67	42.64	45.57	44.31	45.33	46.03	44.66	45.33	45.61	43.96
0.226	46.02	42.68	47.75	47.11	43.59	40.23	44.01	44.1	43.24	41.55	42.85	44.26	46.11	45.01	45.61	42.64	45.77	44.05	45.47	46.56	44.79	45.2	45.42	44.08
0.228	45.82	42.55	47.96	47.39	43.4	40.41	43.82	43.72	43.24	41.97	43.09	44.39	45.72	44.56	45.61	42.64	45.64	43.93	45.2	46.23	44.28	45.26	45.75	44.08
0.23	46.15	43.05	47.96	47.18	43.47	40.41	44.08	43.91	43.05	41.67	43.03	44.58	45.91	44.5	45.87	42.77	46.03	44.12	45.07	46.09	44.53	45.07	45.75	44.02
0.232	45.95	42.8	47.47	47.25	42.46	40.53	43.82	44.04	42.93	41.61	43.22	44.39	45.85	44.18	46.2	42.46	45.97	43.86	44.88	46.43	44.41	45.73	45.88	43.96
0.234	46.42	42.74	47.89	46.97	43.21	40.29	43.95	43.97	42.93	41.67	42.97	44.39	46.05	44.82	45.87	42.52	45.77	43.93	45.4	45.96	44.6	45.6	45.75	44.4
0.236	46.09	42.55	48.24	46.9	43.21	40.29	44.47	44.23	42.99	41.73	42.66	44.07	46.05	44.69	46	42.4	45.77	43.99	44.75	46.16	44.53	45.4	45.42	44.15
0.238	45.89	42.49	47.89	46.9	43.28	40.11	44.21	44.1	42.68	41.61	42.85	44.46	46.05	44.56	45.87	42.52	46.03	43.99	45.07	46.03	44.6	45.13	45.68	43.96
0.24	45.95	42.68	48.1	46.7	43.09	40.23	44.21	43.91	42.8	41.97	42.66	44.33	46.11	44.56	45.54	42.83	45.9	44.05	44.88	45.89	44.79	45.2	45.48	44.21
0.242	45.89	42.55	47.68	46.63	43.02	40.41	44.47	43.97	42.93	41.97	42.54	44.33	46.31	44.56	45.67	42.64	46.03	44.12	44.88	46.09	44.73	45.33	45.16	43.96
0.244	45.95	42.37	47.75	46.63	42.96	40.11	44.27	44.23	42.93	41.61	42.85	44.33	45.91	44.56	45.8	42.58	45.9	44.05	45.2	46.09	44.66	45.66	45.29	44.15
0.246	46.15	42.55	47.47	46.7	42.83	40.11	44.21	44.23	43.24	41.61	42.66	44.01	45.91	44.56	45.48	42.27	46.17	44.18	45.01	46.29	44.41	45.53	45.55	44.21
0.248	45.63	42.37	47.2	46.63	43.09	39.88	44.08	44.36	42.99	41.73	42.66	44.39	45.85	44.5	45.61	42.4	45.7	44.24	45.01	45.76	44.53	45.13	45.61	44.47
0.25	45.56	42.31	47.47	46.63	43.02	39.99	44.21	44.55	43.11	41.49	42.48	44.78	45.98	44.31	45.67	42.77	45.84	43.93	44.81	45.83	44.28	45.13	45.48	44.27
0.252	45.63	42.37	47.06	46.7	42.77	40.11	44.4	44.36	42.99	41.61	42.91	44.58	45.85	44.88	45.74	42.4	45.77	44.24	45.27	46.63	43.96	45.2	45.16	44.27
0.254	45.63	42.31	47.13	46.36	43.02	39.88	44.66	44.16	43.36	41.61	42.48	44.52	46.18	44.44	45.41	42.52	46.03	44.5	45.14	45.96	44.34	45.4	45.03	44.4
0.256	45.49	42.12	47.13	46.56	42.83	39.93	44.47	44.23	42.74	41.67	42.29	44.71	45.78	44.56	45.22	42.64	45.84	44.18	45.07	46.49	44.41	45.26	45.16	44.4
0.258	45.49	42.25	47.27	46.43	42.9	39.76	44.6	43.72	43.24	41.67	42.48	44.78	45.78	44.76	45.15	42.33	45.97	43.86	45.07	46.49	44.22	45.13	44.83	44.79
0.26	45.56	42.12	47.54	46.15	43.02	39.93	44.21	44.04	43.36	41.67	42.54	44.84	45.32	44.37	45.41	42.33	45.9	44.5	44.94	46.23	44.15	45.13	44.9	44.47
0.262	45.89	42.06	47.47	46.15	42.9	39.82	44.4	44.29	43.11	41.73	42.85	44.97	45.39	44.31	45.28	42.52	46.23	44.05	44.88	46.43	44.22	45.2	45.22	44.34
0.264	45.36	42.31	48.03	46.09	43.21	39.82	44.47	44.74	43.24	41.67	42.91	44.78	45.58	44.31	45.22	42.52	46.37	44.05	44.81	46.63	43.71	45.26	44.83	44.59
0.266	45.69	42.19	47.61	45.95	43.09	39.76	44.34	44.23	42.93	41.67	42.6	44.91	45.58	44.31	45.15	42.58	46.43	43.99	44.75	46.63	43.96	45.2	44.96	44.66
0.268	45.49	42.25	47.54	46.09	43.21	39.82	44.08	44.29	43.3	41.55	42.72	44.78	45.78	44.5	44.83	42.64	46.43	44.12	44.75	46.63	44.15	45.07	45.03	44.66
0.27	45.69	42.19	47.68	46.02	42.96	39.7	43.56	44.42	43.43	41.91	42.78	44.71	45.98	44.18	45.22	42.58	46.37	44.24	44.94	46.9	44.09	45.26	45.09	44.79
0.272	45.63	42.25	48.17	46.09	43.09	39.52	43.95	44.61	43.11	41.85	42.78	44.71	45.72	44.37	45.28	42.33	46.57	44.31	44.88	46.7	43.96	45.46	45.35	44.66
0.274	45.69	42.06	47.89	46.09	42.77	39.58	43.76	44.29	43.36	41.73	42.85	44.65	45.78	44.56	45.48	42.4	46.03	44.12	44.43	46.7	44.03	45.13	45.29	44.79
0.276	45.69	42.12	48.17	46.43	43.15	39.7	43.69	44.68	43.11	41.61	42.72	44.65	45.78	44.06	44.89	42.27	46.17	44.37	44.68	46.7	43.96	45.33	45.16	44.59
0.278	45.82	42	47.34	46.43	42.9	39.41	43.82	44.16	43.43	41.67	42.78	44.33	45.72	44.31	44.96	42.71	46.1	44.44	44.62	46.9	44.15	45.2	44.9	44.59
0.28	45.56	41.94	47.82	46.15	43.02	39.7	43.88	44.04	43.49	41.55	42.85	44.2	45.85	44.25	44.89	42.27	46.03	44.44	44.56	46.43	44.09	45.46	45.29	44.53
0.282	45.89	42.19	47.96	46.29	42.9	39.35	43.82	43.85	43.05	41.55	42.85	44.26	46.11	43.93	44.89	42.15	46.23	43.86	44.68	46.49	44.09	45.33	44.96	44.79
0.284	45.63	42.12	48.03	46.49	43.21	39.82	43.69	43.78	43.05	41.37	42.78	44.33	46.05	43.99	44.96	42.09	46.57	43.67	44.75	46.56	44.34	45.26	45.22	44.79
0.286	45.95	42	48.1	46.63	43.02	39.82	43.76	43.91	43.18	41.67	42.72	44.39	46.24	44.12	44.89	42.33	46.37	43.8	44.68	46.56	44.22	45.4	44.83	44.4
0.288	45.63	41.94	47.75	46.49	42.9	39.7	44.01	43.72	43.11	41.61	42.78	44.33	45.78	43.99	44.89	42.21	46.84	43.99	44.43	46.29	43.71	45.33	44.9	44.27
0.29	45.63	41.82	48.17	46.7	42.96	39.93	43.95	43.85	42.93	41.49	42.78	44.52	45.91	44.12	44.7	42.21	46.43	43.86	44.75	46.63	44.09	45.07	45.16	44.34
0.292	45.76	42.12	48.1	46.63	42.9	39.93	43.63	43.85	42.87	41.55	42.54	44.33	45.91	44.44	44.64	42.02	46.5	43.99	44.62	46.49	44.03	45	45.16	44.47
0.294	45.49	42.06	48.31	46.56	43.34	39.64	43.56	44.04	42.99	41.55	42.6	43.88	45.58	44.25	44.7	42.15	46.77	43.93	44.56	46.7	43.96	45.2	44.77	44.66
0.296	45.56	41.88	48.1	46.29	43.21	39.7	43.56	43.85	43.24	41.25	42.85	44.01	45.85	44.06	44.89	41.9	46.57	44.05	44.68	46.9	43.65	44.93	45.42	44.66
0.298	45.36	42.06	47.82	46.56	43.34	39.88	43.76	43.72	43.3	41.37	42.48	43.69	46.31	43.99	45.09	41.9	46.37	43.86	44.56	46.83	43.78	45	45.22	44.79
0.3	45.63	41.88	47.41	46.7	43.28	40.11	43.44	43.66	43.24	41.49	42.48	43.88	45.98	43.99	44.96	41.96	46.43	43.48	44.56	47.17	43.71	44.74	45.22	44.66
0.302	45.82	41.82	47.13	46.77	43.28	40.29	43.44	43.78	43.18	41.55	42.35	43.82	46.18	43.87	44.77	41.96	46.64	43.8	44.3	47.38	43.71	45.13	44.83	44.92
0.304	45.89	41.82	47.47	46.84	43.21	40.59	43.88	43.59	43.05	41.31	42.35	43.94	46.44	43.87	45.02	42.33	47.18	43.74	44.75	46.83	43.78	45.26	45.42	44.79
0.306	45.76	41.76	47	46.77	43.09	40.41	43.37	43.4	43.43	41.49	42.05	43.69	46.78	43.99	45.09	41.96	47.38	43.67	44.24	46.63	43.71	45.33	45.29	45.18
0.308	45.49	41.76	47.06	46.56	43.21	40.29	43.37	43.59	43.49	41.91	42.48	43.69	46.78	44.25	44.89	42.33	47.52	43.8	44.36	46.9	44.28	45.13	45.09	44.85
0.31	45.69	41.46	47	46.7	43.47	40.29	43.63	43.66	43.24	41.91	42.66	44.01	46.11	44.25	44.83	42.4	47.31	44.18	44.62	46.9	44.15	45.13	45.48	45.18
0.312	46.02	41.76	47.2	46.97	43.72	39.93	44.14	44.29	42.99	41.73	42.54	43.94	46.05	44.18	45.02	42.77	47.18	44.05	44.36	46.97	44.03	45.4	45.48	44.53
0.314	45.89	42.31	47.61	47.04	44.17	39.82	44.34	44.29	42.99	41.43	42.85	43.75	45.45	44.37	45.28	42.9	46.57	44.18	44.43	46.63	44.03	45.26	45.68	44.53
0.316	46.02	42.43	48.03	47.11	44.11	39.23	44.4	44.29	42.74	41.85	42.66	44.2	45.52	43.93	45.02	42.52	46.23	44.63	44.94	46.76	43.96	45.73	45.88	44.66
0.318	45.82	42.49	48.66	47.6	43.91	39.47	44.92	44.04	42.5	42.15	42.91	44.33	45.45	43.93	44.83	42.21	46.23	44.31	44.75	46.76	43.21	45.93	45.55	44.79
0.32	45.95	41.94	48.94	47.67	43.79	39.82	44.34	43.85	43.18	42.21	42.6	44.2	45.98	43.93	45.09	42.52	46.03	44.31	44.81	46.29	43.59	45.93	45.16	44.27
0.322	45.95	41.58	48.59	47.74	43.59	39.58	44.21	43.47	42.87	42.21	42.6	44.2	46.05	43.8	45.09	42.15	45.9	44.37	44.62	46.49	43.52	46	45.61	44.85
0.324	45.82	41.58	48.17	47.67	43.59	39.88	43.88	43.47	42.87	42.27	42.35	44.14	46.31	43.99	44.96	41.96	45.84	43.86	44.49	46.36	43.84	45.8	45.29	44.85
0.326	46.15	41.34	48.1	47.11	43.47	39.41	44.14	43.66	42.68	41.49	42.48	43.94	45.98	43.62	44.96	41.96	45.9	43.93	44.62	46.7	44.15	45.73	44.9	44.79
0.328	45.89	41.28	47.96	47.32	43.15	39.64	44.21	43.53	42.87	41.55	42.66	43.75	45.85	43.99	44.96	42.15	46.1	44.18	44.49	46.83	44.15	45.8	45.35	44.92
0.33	45.95	41.7	47.75	47.53	43.28	39.47	43.76	43.66	42.93	41.91	42.29	44.01	45.91	43.62	45.28	42.27	46.03	43.8	44.11	46.63	44.03	45.87	45.61	44.79
0.332	46.15	41.76	47.75	46.9	42.9	39.76	43.76	43.72	42.99	41.67	42.23	44.01	46.18	43.8	45.15	42.27	45.51	43.99	44.3	46.23	44.22	45.6	44.77	44.85
0.334	45.82	41.88	47.68	46.77	43.09	40.05	43.56	43.59	42.93	41.67	42.29	44.07	46.11	43.49	45.09	42.09	45.84	44.18	44.11	46.56	43.71	44.87	44.96	44.85
0.336	45.76	41.7	47.75	46.9	42.83	39.82	43.82	43.53	42.99	41.67	42.6	44.07	46.11	43.62	44.96	42.46	45.9	44.18	44.17	46.76	43.65	45.26	45.42	44.79
0.338	45.36	41.76	47.34	46.84	43.21	39.58	43.5	43.66	42.93	41.61	42.23	43.88	46.18	43.62	45.09	42.46	45.97	44.31	44.11	46.83	43.59	45.66	45.48	44.53
0.34	45.63	41.64	47.68	46.7	43.15	39.76	43.76	43.66	43.05	41.67	42.23	43.75	45.52	43.68	45.15	42.33	45.64	44.18	43.92	46.9	43.78	45.33	45.42	44.79
0.342	45.69	41.7	47.41	46.63	42.83	40.11	43.76	43.72	43.24	41.13	42.05	43.94	45.65	43.74	44.96	42.64	46.03	44.18	43.98	46.56	43.96	45.33	45.55	44.59
0.344	45.89	41.94	47.61	46.56	43.02	39.93	43.56	43.78	42.74	41.37	42.54	43.88	45.91	43.93	45.28	42.64	45.84	44.24	44.49	46.43	43.9	45.26	45.09	44.47
0.346	46.09	41.58	47.61	46.43	43.15	39.76	43.82	43.85	42.74	41.67	42.42	43.82	46.05	44.06	45.22	42.77	45.57	43.86	44.36	47.04	44.03	44.93	45.16	44.66
0.348	46.15	41.64	47.41	46.63	43.21	39.88	43.44	43.85	42.8	41.55	42.6	43.5	46.51	43.74	44.77	42.64	45.84	43.55	44.24	46.29	44.15	45.26	45.16	44.53
0.35	45.95	41.82	47.61	46.43	42.9	39.88	43.76	43.59	43.11	41.55	42.66	43.88	46.05	44.06	45.09	42.64	45.77	44.18	44.36	46.43	44.09	45.4	45.29	44.66
0.352	45.95	41.88	47.89	46.49	43.28	39.82	43.82	43.78	43.11	41.85	42.29	44.01	46.11	43.87	45.02	42.77	45.64	43.74	44.43	46.29	44.15	45.07	45.03	44.4
0.354	46.02	41.82	47.47	46.77	43.09	39.93	43.76	43.78	43.11	41.67	42.42	43.88	46.24	43.99	45.15	42.64	45.31	43.99	44.43	46.43	44.22	45.2	45.03	44.34
0.356	46.15	42	47.61	46.9	43.21	39.64	43.56	43.59	42.87	41.79	42.6	44.14	46.18	43.93	45.09	42.9	45.51	44.12	44.62	46.49	44.15	45.53	45.22	44.59
0.358	46.22	41.64	47.61	46.7	43.34	39.99	43.69	43.72	42.87	41.97	42.72	44.14	46.24	44.06	44.83	42.4	45.64	43.8	44.68	46.29	44.34	45.46	45.42	44.27
0.36	45.69	41.46	47.41	46.15	43.09	39.64	43.5	43.91	42.8	41.79	42.6	44.2	46.11	43.74	44.96	42.33	45.9	44.05	44.56	46.43	44.03	45.73	45.22	44.4
0.362	45.89	41.34	47.41	46.77	43.15	39.7	43.95	44.04	42.8	42.15	42.54	44.46	45.72	44.37	44.96	42.46	45.77	43.74	44.75	46.56	43.96	45.46	45.16	44.27
0.364	46.09	41.64	47.06	46.77	43.21	39.93	44.01	43.97	43.05	42.03	42.97	44.52	46.24	44.18	45.22	42.46	46.1	43.99	45.14	46.56	44.15	45.33	45.35	44.47
0.366	45.95	41.76	47.34	46.84	43.4	39.99	43.82	43.91	42.87	41.67	42.85	43.94	46.18	44.12	45.02	42.4	45.57	43.8	44.68	46.56	44.03	45.26	45.35	44.47
0.368	45.89	42	47.13	46.84	43.28	39.7	43.95	44.04	43.05	41.79	42.97	44.2	45.98	44.12	45.15	42.21	45.7	43.86	44.94	46.36	44.28	45.53	45.68	44.53
0.37	45.82	41.76	47.2	46.43	43.47	40.05	43.88	43.85	43.18	41.85	43.03	44.39	45.85	44.25	45.48	42.21	45.77	43.93	44.88	46.36	44.28	45.4	45.22	44.53
0.372	45.82	41.82	47.06	46.43	43.34	39.88	43.76	43.78	43.11	41.91	43.09	44.39	45.98	44.44	45.74	42.46	45.9	44.12	45.01	46.63	44.22	45.33	45.68	44.4
0.374	46.15	42.06	46.86	46.97	43.34	39.88	43.76	43.78	43.11	41.79	43.09	44.33	46.51	44.25	45.41	42.46	45.57	43.86	44.56	46.56	44.22	45.46	45.55	44.34
0.376	45.82	42	47.2	46.63	43.34	39.64	43.76	43.59	43.68	41.61	42.66	44.46	45.91	44.12	45.61	42.64	45.97	44.18	44.62	46.43	44.34	45.46	45.16	44.15
0.378	45.95	41.82	47.2	46.43	43.4	39.52	43.69	43.78	43.49	41.61	42.78	44.52	46.18	44.31	45.54	42.71	45.9	43.93	44.75	46.56	44.6	45.26	45.22	44.08
0.38	45.76	41.88	47.13	46.29	43.28	39.64	44.14	44.23	43.55	41.67	42.97	44.46	45.91	44.31	45.22	42.58	46.1	43.8	44.68	46.36	44.15	45.33	45.29	44.4
0.382	45.82	42.06	46.93	46.09	43.15	39.93	43.88	44.1	43.8	41.79	42.91	44.52	45.85	44.18	45.54	42.9	45.77	43.74	44.81	46.56	44.15	45.26	45.35	44.66
0.384	46.15	42.37	47.06	46.56	43.15	39.99	43.88	44.1	43.93	42.03	43.09	44.2	45.65	44.06	45.54	42.9	45.77	43.99	44.88	46.56	44.34	45.46	44.9	44.34
0.386	45.82	42	47.41	46.29	43.34	39.99	43.88	43.78	43.8	41.91	42.78	44.46	46.05	44.25	45.74	43.21	45.51	43.86	44.94	46.49	44.41	45.6	45.16	44.47
0.388	45.89	42.25	47.34	46.49	43.15	40.29	43.88	43.91	43.68	42.03	42.85	44.39	46.18	44.5	45.61	42.71	45.64	43.93	44.88	46.83	44.6	45.4	45.29	44.02
0.39	46.02	42.31	47.54	46.09	42.96	39.93	44.08	43.66	43.8	41.97	42.91	44.65	46.64	44.37	45.41	42.83	45.57	43.74	44.68	46.49	44.79	45.66	45.61	44.27
0.392	46.09	42.25	47.61	46.36	43.02	40.11	43.95	43.66	43.49	42.03	42.91	44.52	45.98	44.63	45.41	42.83	45.44	43.93	44.81	46.56	44.47	45.6	45.35	44.53
0.394	45.89	42.19	47.89	46.49	43.21	39.93	43.69	44.1	43.55	41.79	42.6	44.33	45.98	44.69	45.28	42.64	45.51	43.93	44.75	46.23	44.47	45.46	45.55	44.34
0.396	45.95	42.19	47.47	46.56	43.21	40.11	44.21	43.91	43.62	41.97	43.16	44.33	46.24	44.44	45.48	42.71	45.51	43.86	44.43	46.29	44.92	45.46	45.55	44.4
0.398	46.15	42.37	47.61	46.36	42.9	39.99	43.82	44.1	43.36	42.09	43.34	44.39	45.85	44.44	45.35	42.9	45.7	43.67	44.94	46.09	44.73	45.33	45.48	44.34
0.4	46.15	42.31	47.96	46.49	43.09	39.88	43.95	44.1	43.68	42.21	43.28	44.2	46.11	44.69	45.41	42.96	45.77	43.93	44.88	46.43	44.73	45.26	45.55	44.15
0.402	46.02	42.61	47.54	46.22	43.21	40.23	43.95	43.91	43.49	41.85	43.22	44.39	46.05	44.56	45.54	43.08	45.51	43.86	45.2	46.23	45.05	45.33	45.88	44.4
0.404	45.89	42.37	47.89	46.02	43.34	39.88	43.95	43.97	43.49	41.91	43.41	44.46	45.98	44.63	45.67	43.02	45.51	43.67	44.81	46.36	45.31	45.53	45.42	44.34
0.406	46.22	42.49	48.03	46.56	43.28	39.99	43.88	43.85	43.11	42.09	43.09	44.65	45.98	44.63	45.61	42.83	45.25	43.86	44.68	46.36	45.11	45.6	45.42	44.4
0.408	45.76	42.49	47.68	46.7	43.34	40.11	43.88	44.42	42.87	42.39	43.53	44.71	46.11	44.56	45.54	42.83	45.44	43.8	45.07	46.16	45.24	45.26	45.75	44.15
0.41	46.09	42.55	47.75	46.15	43.15	39.93	43.69	44.16	43.11	42.33	43.41	44.52	45.72	44.63	45.87	42.83	45.44	43.74	44.75	46.23	45.11	45.6	45.75	44.34
0.412	45.82	42.55	47.61	46.02	43.21	39.93	43.95	43.97	43.05	42.27	43.53	44.84	46.18	44.82	45.8	42.33	45.38	43.8	44.81	46.43	45.44	45.4	45.88	44.53
0.414	46.09	42.8	47.61	46.29	43.09	40.17	44.01	44.1	42.8	42.51	43.53	44.65	46.24	44.82	45.8	42.64	45.05	43.93	44.75	46.49	45.44	45.6	45.75	44.21
0.416	45.82	42.92	47.89	46.15	43.34	40.17	43.63	44.04	42.93	42.45	43.78	44.52	46.24	44.69	45.67	42.96	45.44	44.18	44.94	46.63	45.5	45.53	45.68	44.47
0.418	46.15	42.86	47.47	46.43	43.28	40.35	43.95	44.04	42.87	42.45	43.41	44.52	46.24	44.88	45.8	42.09	45.44	43.8	45.07	46.23	45.37	45.53	45.81	44.4
0.42	46.02	42.86	47.61	45.82	43.53	40.35	44.21	44.36	42.93	42.27	43.85	44.52	46.31	44.88	45.67	42.96	45.57	44.18	45.01	46.56	45.57	45.33	45.94	44.59
0.422	46.02	42.74	47.89	45.88	43.66	39.88	44.21	43.97	43.3	42.51	43.66	44.65	45.91	45.14	45.61	42.83	45.44	44.12	44.81	46.43	45.57	45	45.68	44.59
0.424	46.02	43.11	47.82	46.36	43.85	40.05	44.14	43.97	43.18	42.21	43.91	44.71	46.31	45.01	46.07	43.08	45.7	44.05	45.01	46.63	45.5	45.4	45.81	44.66
0.426	46.15	43.11	47.61	46.02	43.34	40.05	44.08	44.48	43.49	42.45	43.47	44.52	46.24	45.27	46.13	42.77	45.57	44.24	45.14	46.56	45.76	45.26	45.88	44.47
0.428	46.42	43.17	47.68	46.36	43.47	40.17	44.47	44.42	43.18	42.27	43.6	44.52	46.31	44.95	46.2	42.83	45.57	44.37	45.01	46.63	45.9	45.53	46.14	44.47
0.43	46.28	42.92	47.54	46.49	43.53	39.99	44.4	44.55	42.87	42.51	43.66	44.52	46.71	44.82	46.07	42.9	45.64	44.31	45.01	46.49	45.76	45.53	46.08	44.47
0.432	46.62	42.98	47.75	46.49	43.98	40.17	44.01	44.23	43.24	42.21	43.6	44.46	46.38	45.14	46.4	42.83	45.25	44.24	45.07	46.63	45.7	46	46.01	44.47
0.434	46.35	43.11	47.61	46.56	43.09	40.11	44.34	44.42	43.11	42.82	43.66	44.39	46.18	45.01	46.4	42.77	45.44	44.05	45.27	46.43	45.96	45.8	46.01	44.47
0.436	46.09	43.36	48.03	46.7	43.66	40.23	44.34	44.74	43.05	43	43.6	44.58	46.38	45.53	46.47	42.96	45.77	44.18	45.47	46.23	45.7	45.8	45.68	44.15
0.438	45.89	43.05	47.47	46.7	43.66	40.17	44.21	44.55	43.18	42.51	44.04	44.65	46.51	45.53	46.27	42.9	45.77	44.37	45.33	46.56	45.57	46	46.01	44.34
0.44	46.02	43.11	47.68	46.77	43.85	40.23	44.27	44.36	43.18	43.06	43.72	44.84	46.51	45.08	46.47	42.71	45.84	44.24	45.6	46.49	45.57	45.93	45.94	44.08
0.442	46.15	42.98	47.89	46.9	43.79	40.53	44.4	44.81	42.8	42.82	43.78	44.58	46.31	45.4	46.4	42.71	45.64	44.56	45.47	46.43	45.63	46	46.08	44.15
0.444	46.28	43.3	47.61	46.97	43.91	40.41	44.14	44.61	42.93	43	43.91	44.71	46.44	45.34	46.33	42.83	45.7	44.63	45.66	46.23	45.57	45.66	46.08	43.89
0.446	46.22	43.3	47.75	46.49	44.11	40.53	44.34	44.29	42.74	42.82	43.91	44.97	46.11	45.53	46.47	42.83	45.77	44.37	45.47	46.49	45.44	45.93	45.88	44.08
0.448	46.28	43.48	47.61	46.49	44.04	40.47	44.4	44.68	42.99	42.88	43.78	44.71	45.91	45.47	46.33	42.96	45.64	44.18	45.33	46.49	45.7	45.73	46.08	44.27
0.45	46.22	43.74	47.68	46.77	43.98	40.29	44.6	44.87	43.05	43.19	44.1	44.78	46.58	45.6	46.4	42.9	45.77	44.37	45.53	46.56	45.57	46	46.01	43.83
0.452	46.28	43.48	47.2	46.15	44.04	40.47	44.47	44.1	43.05	43	43.91	44.91	46.58	45.53	46.4	42.58	45.57	44.5	45.2	46.76	45.5	45.87	45.94	43.77
0.454	46.62	43.8	47.34	46.56	44.04	40.76	44.73	44.55	42.93	43.13	43.66	44.33	46.24	45.53	46.47	42.83	45.77	44.31	45.66	46.43	45.76	46.41	46.34	44.08
0.456	46.62	43.8	47.2	46.56	44.37	40.53	44.6	44.61	43.55	42.88	43.91	44.52	46.18	45.66	46.8	43.02	45.64	44.5	45.66	46.43	45.7	46.27	45.88	43.96
0.458	46.69	43.8	47.41	46.97	44.11	40.53	44.53	44.48	43.18	43	44.04	44.65	46.44	45.73	46.33	42.83	45.57	44.31	45.86	46.49	45.63	46	46.01	43.96
0.46	47.29	43.86	45.99	46.9	44.56	40.53	44.6	44.87	43.18	43.19	44.23	44.52	46.64	45.86	46.73	43.02	45.64	44.37	45.93	46.7	45.63	46.27	46.41	43.83
0.462	47.5	43.99	47.47	46.9	44.43	40.53	44.4	44.81	43.24	43.31	44.1	44.52	46.31	46.26	47	42.96	45.44	44.31	45.86	46.83	45.9	46.47	46.28	44.08
0.464	47.5	43.74	47.54	47.11	44.43	40.76	44.6	44.74	43.24	43.5	44.1	44.33	46.24	46.19	47.07	42.96	45.51	44.31	45.79	46.56	45.96	46.41	46.41	44.34
0.466	47.57	43.86	47.47	46.56	44.76	40.59	44.66	44.81	42.99	43.44	44.42	44.71	46.38	45.6	46.73	43.4	45.51	44.69	46.13	46.63	46.09	46.47	46.28	44.27
0.468	47.09	43.86	47.47	47.11	44.24	40.82	44.34	45.2	43.49	43.44	44.36	45.3	46.64	45.93	47.21	43.21	45.64	44.5	45.86	46.9	46.23	46.54	46.41	44.47
0.47	46.55	44.05	47.68	46.84	44.69	40.35	44.73	44.74	43.18	43.69	44.17	46.16	46.51	46.06	47.27	43.46	45.77	44.5	45.93	46.7	46.23	46.61	46.68	44.47
0.472	46.28	43.86	47.82	46.7	44.95	40.94	44.73	44.94	43.3	43.69	44.17	46.03	46.91	46.19	47.21	43.46	46.03	44.76	46.19	46.7	46.36	46.68	46.61	44.4
0.474	46.75	43.67	49.08	46.77	44.82	41.06	44.79	44.87	42.93	43.81	44.42	46.03	46.98	46.59	47.34	43.34	46.03	44.5	46.39	46.29	45.96	46.61	46.68	44.79
0.476	46.15	43.99	49.01	47.04	45.22	40.82	44.4	45.2	43.11	44.06	44.55	45.76	47.12	46.52	47.21	43.59	45.9	44.44	46.13	46.76	46.63	46.89	46.75	44.47
0.478	46.55	44.05	49.37	46.84	45.35	41.19	44.47	45.07	42.99	44.32	44.49	45.56	46.85	46.12	47.75	43.59	45.77	44.56	46.46	46.83	46.56	46.89	46.95	44.85
0.48	46.69	44.12	49.23	46.84	45.15	41.37	44.66	45.13	42.99	44.38	44.36	45.63	46.85	46.66	47.48	43.4	45.97	44.56	46.46	46.7	46.29	46.75	47.22	45.05
0.482	46.42	44.12	49.3	46.9	45.62	41.61	44.92	45.26	43.36	44.25	44.29	45.63	46.98	46.66	47.48	43.53	45.84	44.5	46.46	46.29	46.36	46.89	46.88	44.79
0.484	46.48	44.31	49.3	46.97	45.62	41.98	45.06	45.39	43.49	44.38	44.42	45.7	47.18	46.99	47.41	43.4	46.03	44.5	46.66	46.63	46.43	46.75	47.08	44.72
0.486	46.75	44.24	48.87	46.9	44.95	41.73	45.65	45.33	43.43	44.51	44.42	45.63	47.46	46.99	47.55	43.46	45.9	44.69	46.87	46.9	46.63	47.02	46.95	44.66
0.488	46.82	44.24	48.87	47.32	44.95	41.55	45.52	45.79	43.62	44.7	44.49	45.56	47.39	46.72	47.48	43.59	46.03	44.76	47	46.83	46.56	47.51	47.49	44.66
0.49	46.89	44.24	48.8	47.25	44.95	41.98	46.26	45.72	43.87	44.83	44.81	45.89	47.05	46.86	47.34	43.91	46.03	44.76	46.87	46.63	46.49	47.93	47.29	44.92
0.492	47.09	44.31	49.08	47.6	44.63	41.61	46.06	46.25	43.99	44.83	44.87	45.63	47.25	46.92	47.68	43.66	45.77	44.89	47.21	46.7	47.3	47.44	48.04	45.05
0.494	46.69	44.82	49.51	47.81	44.76	41.73	45.79	46.05	44.25	44.7	45.13	45.63	47.32	47.06	47.34	43.91	45.77	44.89	47.27	46.56	46.56	47.58	48.25	45.24
0.496	47.22	44.89	49.23	47.95	45.09	41.98	45.59	45.72	44.38	45.08	45.66	45.7	47.39	47.19	47.48	43.85	45.77	45.15	47.69	46.63	46.49	47.44	48.18	45.05
0.498	47.02	45.15	49.01	47.88	45.09	41.55	45.99	46.05	44.57	45.28	45.79	45.76	47.32	47.26	47.62	43.72	45.9	45.21	47.76	47.04	46.83	47.44	48.11	45.05
0.5	47.02	44.82	49.23	47.81	45.28	41.55	45.99	46.05	44.96	45.6	45.92	46.09	47.52	46.86	47.89	44.11	45.77	45.34	47.96	46.76	46.49	47.44	48.25	44.98
0.502	47.22	45.28	49.3	47.32	45.42	41.37	45.59	45.99	44.63	45.47	45.59	46.36	47.73	47.26	47.82	43.91	45.84	45.67	47.76	46.9	46.69	47.65	47.91	45.24
0.504	47.16	45.41	49.37	47.74	45.28	41.92	45.59	46.32	44.63	45.21	45.46	46.23	48.01	47.06	48.03	44.43	46.23	46.4	47.76	46.9	46.89	47.58	47.7	45.5
0.506	47.7	45.74	49.37	47.81	45.22	41.73	45.52	46.05	44.7	45.21	45.33	46.16	47.8	47.26	48.17	44.69	45.84	46.61	47.48	47.04	47.44	47.44	47.56	45.96
0.508	47.22	46.07	49.66	47.67	45.48	41.79	45.72	46.12	44.38	44.96	45.39	46.23	47.87	47.33	47.96	44.69	46.1	46.54	47.76	47.24	47.71	47.79	47.49	46.03
0.51	47.36	46.07	49.66	47.88	45.68	41.67	45.59	46.25	44.63	45.21	45.26	46.36	47.73	47.74	48.1	44.69	46.1	46.88	47.48	46.97	47.71	47.51	47.63	46.63
0.512	47.22	45.87	49.95	47.81	45.35	41.79	45.65	46.25	44.63	45.47	45.33	46.7	47.8	47.53	48.1	44.62	46.3	46.47	47.76	47.24	47.85	47.37	47.42	46.3
0.514	47.5	46.27	49.44	47.53	45.82	41.98	45.79	45.65	44.96	45.67	45.39	46.83	47.94	48.08	48.24	44.62	46.57	46.27	47.69	47.24	48.19	47.44	47.49	46.5
0.516	47.77	46.34	50.09	48.02	45.68	42.04	45.39	46.32	44.57	45.54	45.46	46.63	48.14	47.74	48.31	44.36	46.64	46.27	47.55	47.24	48.82	47.65	47.63	46.36
0.518	47.77	46.07	49.8	47.74	45.95	42.1	45.79	46.66	44.7	45.67	45.59	46.97	48.07	48.01	48.37	44.49	47.11	46.2	48.1	47.51	49.17	47.72	47.7	46.36
0.52	47.63	45.74	50.09	47.74	45.82	42.29	45.99	46.32	44.63	46.26	45.72	46.7	48.07	48.08	48.44	44.49	47.31	45.94	47.96	47.93	49.46	47.65	47.98	46.43
0.522	48.26	46.13	50.83	47.95	45.82	42.54	46.06	46.45	45.02	46.13	45.99	47.11	48.14	47.95	48.37	44.69	47.66	46	48.31	48	49.25	48	48.25	46.36
0.524	48.19	46.27	50.17	47.81	46.02	42.6	45.86	46.52	44.7	46.13	46.25	47.45	48.21	48.22	48.87	44.43	48	46.34	48.31	47.93	48.89	48.14	48.04	46.43
0.526	47.91	46.54	50.68	47.81	46.43	42.91	46.26	46.79	44.96	46.33	46.46	47.52	48.35	48.5	49.22	44.62	47.73	46.07	48.52	47.93	48.82	48.21	48.6	46.3
0.528	48.19	46.4	50.61	47.81	46.29	42.6	46.4	46.86	45.02	46.13	46.66	47.38	48.77	48.43	49.22	44.49	47.38	46.27	48.59	48.21	48.33	47.86	48.32	46.16
0.53	48.32	46.2	50.61	48.02	46.7	42.66	46.4	47.33	45.09	46.26	46.52	47.59	49.41	48.71	49.22	44.76	47.11	46.54	48.66	48.21	48.89	47.72	48.67	46.1
0.532	48.81	46.87	51.13	47.81	46.5	42.85	46.26	47.47	45.09	46.66	46.59	47.04	49.41	48.78	49.58	44.95	46.84	46.47	49.02	48	48.68	47.72	48.53	46.5
0.534	48.53	46.81	50.9	47.95	46.29	42.6	46.67	47.89	45.28	46.46	46.52	47.17	49.63	49.06	49.65	44.95	46.84	46.67	48.59	48.07	49.03	48.14	48.53	46.43
0.536	48.6	46.74	51.28	48.09	46.36	42.6	46.26	47.89	44.89	47	46.46	47.73	50.28	49.49	49.5	44.82	46.64	47.01	48.95	48.21	48.96	48.35	48.89	46.57
0.538	48.74	46.94	51.13	48.52	46.5	42.41	46.53	47.54	45.22	47	47.13	47.11	49.84	49.06	49.94	45.08	46.7	46.74	48.95	48	49.17	47.86	49.03	46.57
0.54	48.74	47.15	51.65	48.66	46.56	42.79	46.6	47.47	44.76	47	47.13	47.31	49.41	49.7	49.79	44.95	46.84	46.67	48.81	48.42	49.39	48.5	49.38	46.63
0.542	48.88	47.15	51.2	48.73	46.91	42.91	46.6	47.96	45.35	47.34	46.93	47.17	49.2	49.63	49.79	45.22	46.7	46.54	49.38	48.7	49.32	47.93	49.03	47.04
0.544	49.03	47.35	51.65	48.66	47.25	42.6	46.6	48.16	45.22	47.13	47.41	47.52	49.2	49.2	50.01	45.55	46.77	46.61	49.38	48.56	49.32	48.28	49.31	46.7
0.546	49.38	47.28	51.5	49.24	47.32	42.72	47.08	48.37	45.28	47.41	47.47	48.21	49.48	50.06	50.59	46.02	46.91	47.01	49.45	48.21	49.67	48.43	49.53	47.11
0.548	48.96	47.83	51.65	49.24	47.32	42.85	47.08	47.96	45.35	47.54	47.27	48.35	49.34	50.5	50.74	45.82	47.04	47.01	49.3	48.77	49.6	48.35	49.74	47.18
0.55	49.45	47.76	51.65	49.46	47.11	43.16	47.22	48.37	45.48	47.61	47.54	48.21	49.2	50.65	50.59	45.95	46.97	47.42	49.59	48.49	49.67	48.93	49.96	47.24
0.552	49.88	47.7	51.73	49.39	47.67	43.48	47.01	48.37	45.94	47.82	47.75	48.42	49.48	50.57	50.44	46.29	47.31	47.35	49.81	48.77	50.11	48.86	49.96	47.24
0.554	49.96	47.83	51.5	49.61	47.88	43.23	47.22	48.87	46.01	48.23	47.47	48.21	49.41	51.01	50.96	46.36	46.77	47.42	50.24	48.91	49.67	49	49.89	47.59
0.556	50.25	47.97	51.65	49.75	47.53	43.54	47.57	48.8	46.08	48.3	47.61	48.78	49.48	50.94	51.18	46.43	47.31	47.63	50.17	49.05	50.4	49	50.32	47.18
0.558	50.25	48.04	51.65	50.27	47.88	43.35	47.57	48.66	46.14	48.65	47.27	48.92	49.48	50.94	51.11	46.49	47.59	47.97	50.61	49.05	50.32	49.36	50.47	47.59
0.56	50.17	48.74	51.96	50.2	48.16	43.74	47.71	49.08	46.01	48.79	47.41	48.64	49.55	51.01	51.55	46.7	47.66	47.97	50.17	49.56	50.25	49.8	50.47	47.38
0.562	50.32	48.46	52.11	50.35	48.02	44.12	47.92	49.22	46.34	49.21	48.1	49.06	49.13	51.53	51.48	46.7	47.86	48.04	50.54	49.34	50.69	49.65	50.62	47.31
0.564	50.54	48.81	52.03	50.2	48.31	43.99	47.99	49.58	46.01	49.5	47.82	48.85	49.91	51.76	51.7	46.77	47.79	47.97	50.98	49.41	50.47	49.73	50.69	47.45
0.566	50.83	49.03	52.65	50.5	48.31	44.32	48.2	49.66	46.14	49.57	48.24	48.92	49.63	51.83	52.16	46.63	47.66	47.91	51.06	49.48	50.62	50.24	50.69	47.45
0.568	50.61	49.46	52.72	50.65	49.02	44.58	48.42	49.8	46.54	49.86	48.24	48.99	49.84	51.98	52.23	46.7	48.07	48.46	51.35	49.48	50.76	50.39	50.69	47.31
0.57	51.2	49.38	52.72	50.8	48.81	44.84	48.42	50.16	46.88	50.51	48.31	48.71	50.06	51.91	52.16	46.7	48.21	48.61	50.69	49.41	50.84	50.84	51.21	47.72
0.572	51.28	49.46	52.8	51.02	49.1	45.17	48.34	50.53	46.81	50.88	48.45	49.2	50.2	52.59	52.23	46.77	48.28	48.53	51.28	49.63	50.99	50.62	51.21	47.93
0.574	51.05	49.89	52.96	51.4	49.53	45.17	48.49	50.53	46.68	51.25	48.45	48.99	50.35	52.52	52.61	47.04	48.49	48.75	51.35	49.63	51.06	50.99	51.51	48.14
0.576	51.2	49.96	53.11	51.33	49.75	45.04	48.56	50.75	47.36	51.4	48.73	49.28	50.72	52.67	52.85	47.04	48.63	48.82	51.51	49.7	51.51	51.07	51.96	48.35
0.578	51.43	49.96	53.11	51.94	49.9	45.17	49.06	51.2	47.43	51.55	48.66	49.85	50.79	52.9	52.77	47.32	48.99	48.96	51.66	49.7	51.13	51.45	51.73	48.77
0.58	51.95	50.25	53.51	52.33	50.2	45.9	48.77	51.35	47.7	52.07	48.8	49.93	51.31	53.29	53.15	47.6	49.7	49.32	51.66	50.28	51.36	51.15	52.27	48.35
0.582	52.1	50.18	53.58	52.1	50.42	45.83	48.92	51.35	47.91	52.45	48.52	50.29	51.23	53.29	53.47	46.9	49.13	49.17	52.26	50.36	51.51	51.45	52.19	49.13
0.584	52.87	50.47	53.82	52.33	51.25	45.97	49.5	51.57	48.19	52.45	49.01	50.22	51.68	53.83	53.23	47.46	49.49	49.89	52.57	50.43	51.88	51.45	52.34	48.91
0.586	52.95	51.07	53.98	52.57	51.1	46.24	49.5	51.65	48.33	52.84	49.01	50.81	51.91	53.83	53.7	47.6	50.14	49.75	52.8	50.72	51.88	51.76	52.8	49.13
0.588	53.18	51.14	53.9	53.12	51.55	46.71	49.64	51.73	48.82	52.68	49.52	50.96	51.53	54.47	54.18	48.02	50.14	50.26	53.19	51.1	52.26	51.91	52.8	49.77
0.59	53.41	51.59	54.71	53.84	51.94	47.06	50.09	52.33	48.82	54.09	49.8	51.18	51.83	54.71	54.42	47.95	50.06	50.11	53.19	51.62	52.34	52.07	53.11	50.14
0.592	53.41	51.67	54.71	54.33	52.17	47.41	50.16	52.64	49.25	54.01	49.44	51.78	52.36	54.79	54.58	48.23	50.72	50.77	53.35	51.92	53.03	52.3	53.5	50.21
0.594	53.88	51.67	55.03	54.57	52.4	47.61	50.83	53.03	49.61	54.09	49.95	52.09	52.67	55.19	54.74	48.3	50.95	51.22	53.82	51.77	53.26	52.45	53.74	49.92
0.596	54.84	52.2	55.44	54.74	52.8	47.68	51.13	53.34	50.04	54.49	50.31	52.55	52.52	55.52	55.14	48.73	51.54	51.67	54.22	52.46	53.97	53.01	54.06	50.28
0.598	55.01	52.43	55.36	55.24	53.59	48.39	50.76	53.5	50.04	54.89	50.17	53.09	52.98	55.93	55.63	48.8	51.7	51.9	54.38	52.77	53.65	53.4	53.98	50.51
0.6	55.09	52.51	55.77	55.74	54.08	48.53	51.44	54.14	50.48	55.29	50.61	53.49	53.14	56.18	56.05	49.38	52.38	52.43	55.03	53.47	54.52	53.8	54.14	50.8
0.602	55.49	52.89	56.1	56.25	54.65	49.18	51.74	54.54	50.7	55.79	50.76	53.65	53.84	56.43	55.96	49.53	52.46	53.13	55.27	53.63	54.36	54.45	54.7	50.95
0.604	55.99	53.21	56.61	56.86	55.56	49.32	52.52	54.94	51.15	56.03	50.91	53.88	54.08	56.51	56.55	49.75	52.3	53.29	55.44	53.87	55.01	54.78	54.78	51.78
0.606	56.66	53.68	56.95	57.2	55.65	49.54	52.21	55.43	51.83	56.53	51.5	54.61	54.56	57.19	56.71	50.34	52.61	54	55.93	54.43	55.17	55.2	55.02	51.85
0.608	56.83	53.28	57.64	57.2	56.07	49.98	53.55	56.01	52.36	56.62	51.5	54.93	55.13	57.36	57.48	50.49	53.39	54.4	56.35	54.51	55.83	55.7	56.17	51.93
0.61	57.59	54.08	57.46	57.73	55.9	50.2	54.03	56.43	52.51	57.12	52.19	55.09	55.78	57.53	58.08	51.01	53.39	54.72	56.43	54.91	56.24	55.95	56.76	52.7
0.612	57.68	54.16	58.34	58.27	56.58	50.65	54.19	57.03	53.21	57.72	52.65	55.42	56.03	58.13	58.08	51.24	54.18	55.05	57.03	55.32	56.91	56.21	57.1	52.93
0.614	58.03	54.32	58.87	58.09	57.19	51.18	54.77	57.45	53.69	58.07	52.88	56.09	56.45	58.83	58.52	51.47	54.67	55.62	58.15	55.98	57.17	56.46	57.79	53.64
0.616	58.38	54.56	59.41	58.9	57.89	51.18	55.35	57.97	54.08	58.86	53.51	56.42	56.96	58.92	58.52	51.7	54.75	55.79	58.32	56.57	57.59	57.15	58.14	54.11
0.618	58.55	55.21	59.5	59.36	57.36	51.33	55.68	58.24	55.05	59.12	53.67	56.68	57.64	59.45	59.05	52.24	55.32	56.54	59.21	57	58.2	57.68	59.02	54.35
0.62	59.44	55.37	59.95	59.36	58.33	52.17	55.85	59.03	55.63	59.48	53.83	57.45	57.81	59.9	59.86	52.55	56.15	57.23	60.21	57.6	58.81	58.03	59.1	54.84
0.622	60.07	55.54	60.5	59.36	59.24	53.19	56.53	59.57	56.04	60.39	54.07	57.27	58.25	60.26	59.59	52.86	56.74	57.74	60.11	58.03	59.35	58.75	59.55	55
0.624	60.26	56.71	60.97	59.17	59.15	53.75	57.14	60.03	56.46	60.39	54.71	58.05	58.16	60.63	60.4	53.34	57.08	58.18	60.39	58.12	59.8	59.39	60.1	55.5
0.626	60.35	56.88	61.53	59.36	59.61	54.07	57.31	60.3	56.88	60.66	55.28	57.79	58.87	61.18	60.13	53.42	57.77	59.42	60.95	58.56	59.89	59.94	61.11	56.41